0.0600514
0.788318
0.203068
0.348563
0.361609
0.134639
0.375968
0.259322
0.0443163
0.879562
0.630366
0.377145
0.319729
0.827858
0.425105
0.486632
0.790695
0.95527
0.713757
0.352038
0.84194
0.36238
0.383021
0.0784863
0.174064
0.880499
0.218662
0.968732
0.792655
0.00350334
0.177483
0.852707
0.791822
0.380551
0.20127
0.153431
0.51519
0.577238
0.412753
0.559506
0.456799
0.0431185
0.936651
0.776528
0.870976
0.361756
0.26316
0.661671
0.317026
0.976916
0.013709
0.158966
0.339296
0.39673
0.237452
0.51336
0.277229
0.456114
0.482092
0.0698839
0.459618
0.659574
0.922591
0.25144
0.0401255
0.12386
0.404871
0.555315
0.701098
0.817624
0.114821
0.157898
0.860742
0.0514724
0.934426
0.731719
0.413228
0.197585
0.39339
0.730254
0.174501
0.407099
0.88922
0.513798
0.803829
0.126673
0.0271575
0.0810573
0.582787
0.509249
0.150941
0.042405
0.168823
0.0735317
0.293845
0.208949
0.197392
0.698715
0.764264
0.89849
